lastAccountName: Donalo_
timestamps:
  login: 1583731953430
  logout: 1583732056101
ipAddress: 127.0.0.1
lastlocation:
  world: world
  x: 240.0
  y: 65.0
  z: -192.0
  yaw: 0.29999954
  pitch: 27.450003
logoutlocation:
  world: world
  x: 992.1713281448349
  y: 63.0
  z: -427.49016534848084
  yaw: 254.69684
  pitch: 24.750032
