lastAccountName: God_KZM
timestamps:
  login: 1583731932706
  logout: 1583733803597
  kits:
    tools: 1583724587200
  lastteleport: 1583733595341
ipAddress: 127.0.0.1
logoutlocation:
  world: spawn
  x: 26.88943994174504
  y: 60.0
  z: -5.817300019201552
  yaw: -271.35046
  pitch: 31.650095
lastlocation:
  world: world_the_end
  x: -1188.670972834251
  y: -116.2943626688286
  z: 1397.2982388301305
  yaw: 120.74545
  pitch: 30.450111
