lastAccountName: Mr_TCG
timestamps:
  login: 1583732133605
  lastteleport: 1583732843940
  logout: 1583732866247
ipAddress: 127.0.0.1
lastlocation:
  world: spawn
  x: -13.463383604634625
  y: 44.0
  z: -38.69217475253214
  yaw: -229.59239
  pitch: -29.644266
logoutlocation:
  world: spawn
  x: 36.28427892883312
  y: -68.31330487833947
  z: -8.932429777308233
  yaw: -265.5674
  pitch: -49.1513
